VX	2014	336469	14625
VX	2015	24143	1079
YV	2013	1334375	84339
F9	2013	1066511	47042
AS	2013	1599612	71811
F9	2014	1019767	64424
AS	2014	1703474	78040
F9	2015	38340	3232
AS	2015	29849	2092
DL	2013	42720518	1451961
FL	2013	2626005	141700
DL	2014	5391435	228076
FL	2014	832145	38942
OO	2013	12298498	703849
DL	2015	3691705	111246
OO	2014	9717323	579836
OO	2015	811559	58148
UA	2013	11612851	587238
UA	2014	11231315	664421
US	2013	12095764	470963
UA	2015	798791	48047
US	2014	12019446	557624
HA	2013	992047	21126
NK	2015	30163	1863
US	2015	945919	47608
HA	2014	1034607	25334
EV	2013	19121080	1224970
HA	2015	89791	2918
EV	2014	15266696	1189046
EV	2015	645163	44515
9E	2013	6071667	305461
B6	2013	2751230	160707
WN	2013	23494241	715508
B6	2014	1782809	132575
WN	2014	27355347	1125962
B6	2015	231827	18579
WN	2015	2251474	93360
AA	2013	22494448	1021082
MQ	2013	11377156	703178
AA	2014	21307342	1082175
MQ	2014	9115791	706966
AA	2015	1741092	88156
MQ	2015	695859	58709
VX	2013	340526	15307
